# y+ ()         
# Time          	patch           	min             	max             	average         
0.05            	rightWall	2.69853663e+00	8.00592759e+01	3.11659888e+01
0.05            	leftWall	2.74873216e+00	8.04913842e+01	3.23073921e+01
0.05            	lowerWall	2.57081608e+00	8.52206516e+01	7.00493414e+01
0.1             	rightWall	1.75203253e+00	4.77917037e+01	1.85744057e+01
0.1             	leftWall	1.87589925e+00	4.86491347e+01	2.01249155e+01
0.1             	lowerWall	1.00761670e+00	5.19374791e+01	4.18457175e+01
0.15            	rightWall	8.52447809e-01	3.49369752e+01	1.33381350e+01
0.15            	leftWall	1.05134394e+00	3.58931767e+01	1.49283835e+01
0.15            	lowerWall	1.19664752e+00	3.96337283e+01	3.08147067e+01
0.2             	rightWall	2.65051843e-01	2.78693527e+01	1.04287227e+01
0.2             	leftWall	1.77295108e-01	2.87464687e+01	1.18580349e+01
0.2             	lowerWall	9.65882475e-01	3.55578133e+01	2.47957191e+01
0.25            	rightWall	5.12120704e-01	2.34772871e+01	8.99933542e+00
0.25            	leftWall	2.13671666e-01	2.42197989e+01	1.00553005e+01
0.25            	lowerWall	8.29129055e-01	4.24610604e+01	2.10104883e+01
0.3             	rightWall	5.77258170e-01	2.06575495e+01	8.36748229e+00
0.3             	leftWall	2.39730171e-01	2.13810920e+01	8.86771450e+00
0.3             	lowerWall	7.87040101e-01	4.20671063e+01	1.84987545e+01
0.35            	rightWall	3.79644536e-01	1.86650864e+01	7.90113604e+00
0.35            	leftWall	2.07343904e-01	1.94579070e+01	8.22941242e+00
0.35            	lowerWall	1.45903403e+00	4.59896365e+01	1.67953591e+01
0.4             	rightWall	4.00392127e-01	1.71512729e+01	7.56858201e+00
0.4             	leftWall	1.10421643e+00	1.80675168e+01	7.62338623e+00
0.4             	lowerWall	1.73782994e+00	4.95170178e+01	1.56645991e+01
0.45            	rightWall	8.81020049e-01	1.59663022e+01	7.23869807e+00
0.45            	leftWall	1.19961246e+00	1.70091309e+01	7.17736534e+00
0.45            	lowerWall	1.94779379e+00	5.66796160e+01	1.47601505e+01
0.5             	rightWall	9.34896081e-01	1.50433956e+01	7.00613272e+00
0.5             	leftWall	1.23034053e+00	1.61707650e+01	6.69358935e+00
0.5             	lowerWall	1.39468589e+00	5.36770857e+01	1.39071650e+01
0.55            	rightWall	1.17177496e+00	1.42851005e+01	6.73608800e+00
0.55            	leftWall	1.26129341e+00	1.54807600e+01	6.03829777e+00
0.55            	lowerWall	1.67674190e+00	5.24446861e+01	1.30140460e+01
0.6             	rightWall	1.34220656e+00	1.36450426e+01	6.43028562e+00
0.6             	leftWall	1.29947208e+00	1.48923693e+01	5.47443035e+00
0.6             	lowerWall	1.48879304e+00	4.76812384e+01	1.22106908e+01
0.65            	rightWall	1.43681721e+00	1.30870826e+01	6.15925672e+00
0.65            	leftWall	1.28011069e+00	1.43783845e+01	5.04105672e+00
0.65            	lowerWall	1.28061663e+00	5.85510475e+01	1.16394787e+01
0.7             	rightWall	1.42702547e+00	1.25848526e+01	5.84003646e+00
0.7             	leftWall	1.20391391e+00	1.39252364e+01	4.62514602e+00
0.7             	lowerWall	1.13982107e+00	5.58087280e+01	1.11434466e+01
0.75            	rightWall	1.39072368e+00	1.21189664e+01	5.38027987e+00
0.75            	leftWall	1.11911455e+00	1.35213864e+01	4.25613514e+00
0.75            	lowerWall	1.22911270e+00	4.13703544e+01	1.07022318e+01
0.8             	rightWall	1.20475922e+00	1.16766280e+01	4.76069323e+00
0.8             	leftWall	7.90057527e-01	1.31597732e+01	3.81611538e+00
0.8             	lowerWall	1.33813885e+00	3.93844099e+01	1.03667253e+01
0.85            	rightWall	9.06191284e-01	6.80478624e+00	4.21825954e+00
0.85            	leftWall	4.61278080e-01	1.31480069e+01	3.45061991e+00
0.85            	lowerWall	1.37648447e+00	3.73125369e+01	1.00342799e+01
0.9             	rightWall	5.43722716e-01	6.40220996e+00	4.05407173e+00
0.9             	leftWall	3.89800271e-01	1.31438092e+01	3.16541823e+00
0.9             	lowerWall	1.28805282e+00	3.52278796e+01	9.71842872e+00
0.95            	rightWall	3.52875037e-01	5.92492656e+00	3.82514395e+00
0.95            	leftWall	3.83035074e-01	1.31454211e+01	2.89108518e+00
0.95            	lowerWall	1.09649077e+00	3.94625537e+01	9.38808792e+00
1               	rightWall	4.46905692e-01	5.36455433e+00	3.56414979e+00
1               	leftWall	2.63390024e-01	1.31490787e+01	2.58690629e+00
1               	lowerWall	8.26598661e-01	4.93571609e+01	9.24132197e+00
1.05            	rightWall	3.84938435e-01	5.27718982e+00	3.25249255e+00
1.05            	leftWall	2.46486125e-01	1.31546610e+01	2.64645315e+00
1.05            	lowerWall	5.22452619e-01	7.24208924e+01	9.13311689e+00
1.1             	rightWall	3.64125048e-01	5.20958517e+00	2.93913437e+00
1.1             	leftWall	3.59445645e-01	1.31593952e+01	2.88470902e+00
1.1             	lowerWall	6.11231482e-01	8.01226577e+01	8.88584300e+00
1.15            	rightWall	3.13411015e-01	5.14565981e+00	2.66414334e+00
1.15            	leftWall	4.49108478e-01	1.31593962e+01	3.05409753e+00
1.15            	lowerWall	4.65525807e-01	8.40956784e+01	8.72954555e+00
1.2             	rightWall	3.52333885e-01	5.08402115e+00	2.67939738e+00
1.2             	leftWall	2.82214772e-01	1.31553933e+01	3.17063299e+00
1.2             	lowerWall	2.76300144e-01	8.64072570e+01	8.83921924e+00
1.25            	rightWall	5.03535957e-01	5.02939730e+00	2.95461970e+00
1.25            	leftWall	2.89352254e-01	1.31488904e+01	3.25178247e+00
1.25            	lowerWall	4.98373976e-01	8.83894459e+01	9.14983034e+00
1.3             	rightWall	5.27160318e-01	5.37177685e+00	3.22926976e+00
1.3             	leftWall	1.71905417e-01	1.31519272e+01	3.26150256e+00
1.3             	lowerWall	3.97481004e-01	8.99111087e+01	1.00361392e+01
1.35            	rightWall	4.51759258e-01	6.11121868e+00	3.45561399e+00
1.35            	leftWall	2.54279575e-01	1.31567367e+01	3.25476987e+00
1.35            	lowerWall	4.41873780e-01	9.11927653e+01	1.11610967e+01
1.4             	rightWall	5.52730136e-01	6.75835824e+00	3.64358013e+00
1.4             	leftWall	2.51023489e-01	1.31545627e+01	3.20649226e+00
1.4             	lowerWall	3.66597408e-01	9.24879259e+01	1.24093504e+01
1.45            	rightWall	5.66849181e-01	7.34522209e+00	3.79300561e+00
1.45            	leftWall	2.12871572e-01	1.31476293e+01	3.23032703e+00
1.45            	lowerWall	2.01212970e+00	9.54912256e+01	1.40604357e+01
1.5             	rightWall	4.83952804e-01	1.25599016e+01	4.02180752e+00
1.5             	leftWall	3.06959000e-01	1.31459878e+01	3.23755368e+00
1.5             	lowerWall	2.10482575e+00	9.84191440e+01	1.55491212e+01
1.55            	rightWall	3.59137668e-01	1.87725704e+01	4.37730311e+00
1.55            	leftWall	2.62195585e-01	1.31444684e+01	3.26268141e+00
1.55            	lowerWall	2.02823299e+00	1.01260013e+02	1.69548738e+01
1.6             	rightWall	2.86569164e-01	2.45749358e+01	4.85887400e+00
1.6             	leftWall	2.51069139e-01	1.31390828e+01	3.27786752e+00
1.6             	lowerWall	1.95923208e+00	1.03947670e+02	1.82356955e+01
1.65            	rightWall	1.98594931e-01	2.89139292e+01	5.23509402e+00
1.65            	leftWall	1.60643861e-01	1.31325567e+01	3.40401100e+00
1.65            	lowerWall	1.89536097e+00	1.06375839e+02	1.94197800e+01
1.7             	rightWall	1.94637327e-01	3.19943574e+01	5.65099410e+00
1.7             	leftWall	1.56081372e-01	1.31262990e+01	3.42708611e+00
1.7             	lowerWall	1.80505123e+00	1.08443905e+02	2.05176725e+01
1.75            	rightWall	2.08088785e-01	3.42469672e+01	6.04076431e+00
1.75            	leftWall	1.69437132e-01	1.31218379e+01	3.50960139e+00
1.75            	lowerWall	1.21425309e+00	1.10242659e+02	2.15212031e+01
1.8             	rightWall	1.68301090e-01	3.59434532e+01	6.37243248e+00
1.8             	leftWall	2.88880909e-01	1.32142487e+01	3.63110967e+00
1.8             	lowerWall	1.53149072e+00	1.11776279e+02	2.24454757e+01
1.85            	rightWall	3.16275327e-01	3.72391936e+01	6.61431428e+00
1.85            	leftWall	2.60206397e-01	1.38046311e+01	3.66888817e+00
1.85            	lowerWall	1.65069804e+00	1.13033491e+02	2.33204158e+01
1.9             	rightWall	3.26434741e-01	3.82250036e+01	6.94488870e+00
1.9             	leftWall	2.46374671e-01	1.45585656e+01	3.75637288e+00
1.9             	lowerWall	1.55599673e+00	1.13707984e+02	2.41415430e+01
1.95            	rightWall	3.28010502e-01	3.89546053e+01	7.18662710e+00
1.95            	leftWall	2.85764545e-01	1.53608834e+01	3.83118517e+00
1.95            	lowerWall	1.41133159e+00	1.13807760e+02	2.49359248e+01
2               	rightWall	3.37537426e-01	3.95236814e+01	7.29712585e+00
2               	leftWall	3.53984777e-01	1.62655596e+01	3.94124860e+00
2               	lowerWall	1.23273589e+00	1.13997593e+02	2.56877577e+01
2.05            	rightWall	3.94085557e-01	3.98948848e+01	7.43262239e+00
2.05            	leftWall	3.52878044e-01	1.72778122e+01	4.02217451e+00
2.05            	lowerWall	1.00739798e+00	1.13488446e+02	2.64265426e+01
2.1             	rightWall	3.33705609e-01	4.00732682e+01	7.49475509e+00
2.1             	leftWall	2.55638269e-01	1.82628010e+01	4.19187246e+00
2.1             	lowerWall	6.81256953e-01	1.12153176e+02	2.70962272e+01
2.15            	rightWall	3.38879999e-01	4.00791457e+01	7.50630526e+00
2.15            	leftWall	2.57652481e-01	1.94749726e+01	4.28867616e+00
2.15            	lowerWall	3.43729269e-01	1.11073353e+02	2.77359813e+01
2.2             	rightWall	3.95664649e-01	3.99304999e+01	7.47430454e+00
2.2             	leftWall	3.17360216e-01	2.05434849e+01	4.51115919e+00
2.2             	lowerWall	8.13490544e-01	1.09853400e+02	2.83827153e+01
2.25            	rightWall	3.76638967e-01	3.96546264e+01	7.40182172e+00
2.25            	leftWall	4.45774136e-01	2.18985309e+01	4.65994833e+00
2.25            	lowerWall	5.08189413e-01	1.09693785e+02	2.90122782e+01
2.3             	rightWall	4.43327637e-01	3.92761183e+01	7.25387862e+00
2.3             	leftWall	6.44894703e-01	2.31524565e+01	4.95426299e+00
2.3             	lowerWall	5.74089463e-01	1.10945824e+02	2.94799028e+01
2.35            	rightWall	3.34812360e-01	3.87564837e+01	7.20933002e+00
2.35            	leftWall	8.34879664e-01	2.45798212e+01	5.20657488e+00
2.35            	lowerWall	4.89605354e-01	9.72803534e+01	2.98241865e+01
2.4             	rightWall	3.27055313e-01	3.81049781e+01	7.29530721e+00
2.4             	leftWall	1.30440286e+00	2.59370290e+01	5.64001139e+00
2.4             	lowerWall	7.56330483e-01	8.97433328e+01	2.99229523e+01
2.45            	rightWall	4.56398664e-01	3.73754039e+01	7.19019693e+00
2.45            	leftWall	1.39204716e+00	2.74993145e+01	5.93036653e+00
2.45            	lowerWall	7.38703928e-01	8.04833848e+01	3.00329694e+01
2.5             	rightWall	5.83478170e-01	3.65998536e+01	7.30924564e+00
2.5             	leftWall	1.43945089e+00	2.88999816e+01	6.45581858e+00
2.5             	lowerWall	1.27927830e+00	7.83560585e+01	3.01468727e+01
2.55            	rightWall	6.16196862e-01	3.57832765e+01	7.27047694e+00
2.55            	leftWall	1.42900637e+00	3.04962158e+01	6.88845957e+00
2.55            	lowerWall	1.39151026e+00	8.15795917e+01	3.01271537e+01
2.6             	rightWall	6.37029446e-01	3.48817164e+01	7.35795343e+00
2.6             	leftWall	1.41488881e+00	3.18959374e+01	7.53640959e+00
2.6             	lowerWall	1.84711482e+00	8.32375248e+01	2.99488099e+01
2.65            	rightWall	6.19296001e-01	3.40723345e+01	7.45335898e+00
2.65            	leftWall	1.28631196e+00	3.34805253e+01	8.10055925e+00
2.65            	lowerWall	1.55669119e+00	9.94068858e+01	2.99908687e+01
2.7             	rightWall	7.57503129e-01	3.34719497e+01	7.44848409e+00
2.7             	leftWall	1.01110719e+00	3.48577682e+01	8.77477320e+00
2.7             	lowerWall	1.92142058e+00	8.53014434e+01	3.00463435e+01
2.75            	rightWall	6.56121345e-01	3.29868661e+01	7.52435177e+00
2.75            	leftWall	4.84144156e-01	3.62417043e+01	9.43937216e+00
2.75            	lowerWall	2.01312230e+00	9.06587231e+01	3.01731362e+01
2.8             	rightWall	5.22356591e-01	3.26220008e+01	7.60209886e+00
2.8             	leftWall	4.61140348e-01	3.74384830e+01	1.01547332e+01
2.8             	lowerWall	1.87704247e+00	7.71525536e+01	2.99921371e+01
2.85            	rightWall	2.38224812e-01	3.23024522e+01	7.77857591e+00
2.85            	leftWall	6.36123660e-01	3.88072993e+01	1.07928798e+01
2.85            	lowerWall	2.09855544e+00	7.40020809e+01	2.99030559e+01
2.9             	rightWall	3.92482012e-01	3.27455705e+01	8.00730227e+00
2.9             	leftWall	5.43302877e-01	4.02079027e+01	1.14253140e+01
2.9             	lowerWall	2.03861681e+00	7.76104095e+01	3.03160850e+01
2.95            	rightWall	4.33802908e-01	3.23897998e+01	8.29151138e+00
2.95            	leftWall	5.92288616e-01	4.14973522e+01	1.19675063e+01
2.95            	lowerWall	1.91307409e+00	7.30568323e+01	3.02154934e+01
3               	rightWall	3.52764781e-01	3.26319361e+01	8.53257883e+00
3               	leftWall	6.85920490e-01	4.27699235e+01	1.25131117e+01
3               	lowerWall	2.00831501e+00	7.84338035e+01	3.02499031e+01
3.05            	rightWall	2.65003774e-01	3.25567159e+01	8.93323964e+00
3.05            	leftWall	7.32560174e-01	4.39244812e+01	1.29761982e+01
3.05            	lowerWall	2.19667362e+00	9.07433344e+01	3.02792376e+01
3.1             	rightWall	2.84479367e-01	3.24616949e+01	9.22578760e+00
3.1             	leftWall	7.55869931e-01	4.49814450e+01	1.34121843e+01
3.1             	lowerWall	1.87957254e+00	8.91350067e+01	3.03903286e+01
3.15            	rightWall	3.65754226e-01	3.26087131e+01	9.38124529e+00
3.15            	leftWall	7.24036357e-01	4.58348898e+01	1.38039421e+01
3.15            	lowerWall	1.48970398e+00	8.83579603e+01	3.06819813e+01
3.2             	rightWall	1.66305560e-01	3.22735040e+01	9.62133985e+00
3.2             	leftWall	7.68255530e-01	4.66375663e+01	1.41207296e+01
3.2             	lowerWall	9.33528804e-01	8.69219142e+01	3.11422964e+01
3.25            	rightWall	2.92956620e-01	3.18249674e+01	9.78882217e+00
3.25            	leftWall	7.40644809e-01	4.73476779e+01	1.44318711e+01
3.25            	lowerWall	8.41087635e-01	9.03234182e+01	3.14965441e+01
3.3             	rightWall	1.33134345e-01	3.16384885e+01	9.77147420e+00
3.3             	leftWall	7.75827740e-01	4.78169370e+01	1.45786244e+01
3.3             	lowerWall	1.50526562e+00	9.17821438e+01	3.18416255e+01
3.35            	rightWall	2.07733940e-01	3.09044194e+01	9.90182518e+00
3.35            	leftWall	7.56107220e-01	4.82430357e+01	1.46912045e+01
3.35            	lowerWall	1.73034603e+00	9.28791204e+01	3.21090618e+01
3.4             	rightWall	2.69528113e-01	3.05869943e+01	9.88255428e+00
3.4             	leftWall	7.50108539e-01	4.85463909e+01	1.48599575e+01
3.4             	lowerWall	1.96971266e+00	9.47260747e+01	3.24099722e+01
3.45            	rightWall	2.46905984e-01	2.99796665e+01	9.91810598e+00
3.45            	leftWall	7.84302029e-01	4.87251752e+01	1.48641701e+01
3.45            	lowerWall	1.84565713e+00	9.72240553e+01	3.28244774e+01
3.5             	rightWall	3.25824534e-01	2.94212422e+01	9.85682716e+00
3.5             	leftWall	7.44669637e-01	4.87981274e+01	1.48823375e+01
3.5             	lowerWall	1.19785474e+00	9.97594395e+01	3.31422777e+01
3.55            	rightWall	6.11323696e-01	2.90601148e+01	9.96777415e+00
3.55            	leftWall	6.67067721e-01	4.87548642e+01	1.48773376e+01
3.55            	lowerWall	1.10977182e+00	1.02135232e+02	3.34350255e+01
3.6             	rightWall	6.25147605e-01	2.85582231e+01	9.93507102e+00
3.6             	leftWall	5.92814986e-01	4.85836284e+01	1.47714139e+01
3.6             	lowerWall	1.16740729e+00	1.04351056e+02	3.37076963e+01
3.65            	rightWall	5.69923985e-01	2.80348013e+01	9.85382949e+00
3.65            	leftWall	5.08880691e-01	4.83515546e+01	1.46710195e+01
3.65            	lowerWall	1.27555611e+00	1.06455016e+02	3.39700228e+01
3.7             	rightWall	5.52474988e-01	2.78433405e+01	9.87907769e+00
3.7             	leftWall	3.98259132e-01	4.79785619e+01	1.44824943e+01
3.7             	lowerWall	1.27124646e+00	1.08282572e+02	3.40995244e+01
3.75            	rightWall	5.03320804e-01	2.76388596e+01	9.85022231e+00
3.75            	leftWall	3.36084011e-01	4.76080575e+01	1.42779142e+01
3.75            	lowerWall	1.07582242e+00	1.09354715e+02	3.42708001e+01
3.8             	rightWall	4.68038134e-01	2.74396264e+01	9.74903800e+00
3.8             	leftWall	2.68582375e-01	4.71293115e+01	1.41091565e+01
3.8             	lowerWall	1.70091691e+00	1.10094200e+02	3.44536694e+01
3.85            	rightWall	4.25109726e-01	2.72922597e+01	9.65145166e+00
3.85            	leftWall	1.98383127e-01	4.66233488e+01	1.38737364e+01
3.85            	lowerWall	1.70816770e+00	1.10171206e+02	3.46052593e+01
3.9             	rightWall	3.77104655e-01	2.72125973e+01	9.64237722e+00
3.9             	leftWall	1.68903473e-01	4.60770519e+01	1.36636239e+01
3.9             	lowerWall	1.75488241e+00	1.09604002e+02	3.47083436e+01
3.95            	rightWall	3.40555104e-01	2.73240737e+01	9.62521313e+00
3.95            	leftWall	1.14955415e-01	4.54702392e+01	1.33859489e+01
3.95            	lowerWall	1.83398045e+00	1.08554334e+02	3.47432433e+01
4               	rightWall	2.78353414e-01	2.74809847e+01	9.54709174e+00
4               	leftWall	5.87122601e-02	4.48724494e+01	1.30987167e+01
4               	lowerWall	1.39932132e+00	1.07323356e+02	3.48078037e+01
4.05            	rightWall	9.85675490e-02	2.76549213e+01	9.43972468e+00
4.05            	leftWall	8.73296949e-02	4.42004339e+01	1.28127165e+01
4.05            	lowerWall	5.90323029e-01	1.07005037e+02	3.47339193e+01
4.1             	rightWall	1.52502352e-01	2.78647623e+01	9.34750353e+00
4.1             	leftWall	1.80362330e-01	4.35245655e+01	1.25161935e+01
4.1             	lowerWall	1.08683699e+00	1.07048263e+02	3.46142319e+01
4.15            	rightWall	1.30016313e-01	2.81126228e+01	9.37551634e+00
4.15            	leftWall	1.78493087e-01	4.28171843e+01	1.22403967e+01
4.15            	lowerWall	1.48747470e+00	1.07850284e+02	3.44549753e+01
4.2             	rightWall	1.88256229e-01	2.84951789e+01	9.40568458e+00
4.2             	leftWall	1.86514308e-01	4.20616234e+01	1.18976820e+01
4.2             	lowerWall	1.86709701e+00	1.10727923e+02	3.43065826e+01
4.25            	rightWall	1.84902182e-01	2.89258885e+01	9.32938342e+00
4.25            	leftWall	2.44781580e-01	4.13184477e+01	1.15684558e+01
4.25            	lowerWall	1.89060515e+00	1.11780006e+02	3.41331189e+01
4.3             	rightWall	3.08342942e-01	2.93337773e+01	9.46258841e+00
4.3             	leftWall	2.61230752e-01	4.05327586e+01	1.12203263e+01
4.3             	lowerWall	2.03881512e+00	1.11030715e+02	3.39886832e+01
4.35            	rightWall	4.02039641e-01	2.97749377e+01	9.70406505e+00
4.35            	leftWall	2.84509789e-01	3.97236965e+01	1.07881706e+01
4.35            	lowerWall	2.03216513e+00	1.09985282e+02	3.37974486e+01
4.4             	rightWall	7.44905124e-01	3.03913909e+01	9.88772704e+00
4.4             	leftWall	2.25120741e-01	3.88982448e+01	1.04534544e+01
4.4             	lowerWall	1.86606171e+00	1.08944754e+02	3.35891411e+01
4.45            	rightWall	1.14054669e+00	3.09193098e+01	1.03187762e+01
4.45            	leftWall	2.38357643e-01	3.80253646e+01	1.01543284e+01
4.45            	lowerWall	2.02921286e+00	1.08029292e+02	3.33636248e+01
4.5             	rightWall	1.11698039e+00	3.15444514e+01	1.04280199e+01
4.5             	leftWall	3.33222360e-01	3.71418693e+01	9.80274353e+00
4.5             	lowerWall	1.91000563e+00	1.07175373e+02	3.30628243e+01
4.55            	rightWall	9.88087461e-01	3.21079300e+01	1.07241743e+01
4.55            	leftWall	3.45497512e-01	3.62464372e+01	9.44907737e+00
4.55            	lowerWall	1.94805361e+00	1.05252797e+02	3.20756587e+01
4.6             	rightWall	7.30042349e-01	3.27182571e+01	1.08965172e+01
4.6             	leftWall	2.60296918e-01	3.53355904e+01	9.17177067e+00
4.6             	lowerWall	1.35703583e+00	9.05027267e+01	3.06959168e+01
4.65            	rightWall	4.79251253e-01	3.33290963e+01	1.09834906e+01
4.65            	leftWall	3.45468101e-01	3.44789375e+01	8.99091480e+00
4.65            	lowerWall	1.63795042e+00	7.48685804e+01	2.95072004e+01
4.7             	rightWall	2.99805877e-01	3.39362492e+01	1.12202744e+01
4.7             	leftWall	3.37461291e-01	3.36122387e+01	8.95506001e+00
4.7             	lowerWall	1.43575898e+00	6.86036430e+01	2.84089764e+01
4.75            	rightWall	4.34534720e-01	3.47423292e+01	1.14011091e+01
4.75            	leftWall	2.71465703e-01	3.27824949e+01	8.78508070e+00
4.75            	lowerWall	1.40408884e+00	6.23462262e+01	2.74384373e+01
4.8             	rightWall	4.36434045e-01	3.56605115e+01	1.15176578e+01
4.8             	leftWall	3.00658696e-01	3.19441982e+01	8.64375729e+00
4.8             	lowerWall	1.58583159e+00	5.64217345e+01	2.67066530e+01
4.85            	rightWall	2.40134263e-01	3.66801302e+01	1.16612441e+01
4.85            	leftWall	4.19999499e-01	3.12029760e+01	8.48081309e+00
4.85            	lowerWall	1.63773774e+00	6.30674673e+01	2.63950814e+01
4.9             	rightWall	3.71341937e-01	3.77266794e+01	1.17777734e+01
4.9             	leftWall	4.83429898e-01	3.04416136e+01	8.32830958e+00
4.9             	lowerWall	1.88550812e+00	6.94871514e+01	2.60633919e+01
4.95            	rightWall	2.52324397e-01	3.87859746e+01	1.20504348e+01
4.95            	leftWall	5.05489842e-01	2.96558576e+01	8.24847078e+00
4.95            	lowerWall	1.74927109e+00	7.56396913e+01	2.59709088e+01
5               	rightWall	3.29038409e-01	3.98582753e+01	1.23341001e+01
5               	leftWall	3.01532472e-01	2.88477577e+01	8.23799867e+00
5               	lowerWall	1.51224049e+00	8.17900302e+01	2.55441438e+01
5.05            	rightWall	5.00212001e-01	4.09254845e+01	1.26882352e+01
5.05            	leftWall	4.78121147e-01	2.80460878e+01	8.16883420e+00
5.05            	lowerWall	6.36383317e-01	8.14834642e+01	2.51413939e+01
5.1             	rightWall	5.64862501e-01	4.19598252e+01	1.29681989e+01
5.1             	leftWall	1.99889145e-01	2.72598383e+01	8.06874751e+00
5.1             	lowerWall	6.28956760e-01	7.79702275e+01	2.47884576e+01
5.15            	rightWall	5.78183672e-01	4.29106264e+01	1.31974445e+01
5.15            	leftWall	3.37542662e-01	2.64853650e+01	8.00252154e+00
5.15            	lowerWall	6.42852912e-01	7.94028208e+01	2.45170085e+01
5.2             	rightWall	5.86848906e-01	4.37598328e+01	1.34236497e+01
5.2             	leftWall	4.16306903e-01	2.57506449e+01	7.98183440e+00
5.2             	lowerWall	7.84876019e-01	8.09832005e+01	2.43279611e+01
5.25            	rightWall	5.86655065e-01	4.44887378e+01	1.37372888e+01
5.25            	leftWall	4.03183663e-01	2.50773413e+01	7.81239981e+00
5.25            	lowerWall	5.94567408e-01	8.37295236e+01	2.43070889e+01
5.3             	rightWall	5.62913844e-01	4.50722119e+01	1.39782176e+01
5.3             	leftWall	3.70996672e-01	2.48147959e+01	7.75249241e+00
5.3             	lowerWall	4.25581122e-01	8.62969942e+01	2.42225018e+01
5.35            	rightWall	5.19476966e-01	4.54901482e+01	1.42016046e+01
5.35            	leftWall	3.98666229e-01	2.48124722e+01	7.75592492e+00
5.35            	lowerWall	5.45470278e-01	8.84014757e+01	2.42173643e+01
5.4             	rightWall	4.73904002e-01	4.57477805e+01	1.43996671e+01
5.4             	leftWall	3.91947696e-01	2.49769277e+01	7.72625668e+00
5.4             	lowerWall	7.69887323e-01	5.94996374e+01	2.42471046e+01
5.45            	rightWall	4.17380743e-01	4.58639805e+01	1.45605304e+01
5.45            	leftWall	3.98335743e-01	2.52806024e+01	7.71923864e+00
5.45            	lowerWall	1.08596639e+00	7.75001026e+01	2.46575223e+01
5.5             	rightWall	3.94595756e-01	4.58739731e+01	1.46949739e+01
5.5             	leftWall	5.42525841e-01	2.56628560e+01	7.73224426e+00
5.5             	lowerWall	9.99927206e-01	9.28671579e+01	2.57701000e+01
5.55            	rightWall	3.36749623e-01	4.58024694e+01	1.47666074e+01
5.55            	leftWall	6.51333696e-01	2.60707953e+01	7.75586964e+00
5.55            	lowerWall	1.21616431e+00	9.76513824e+01	2.63399088e+01
5.6             	rightWall	2.74824509e-01	4.56670380e+01	1.47930371e+01
5.6             	leftWall	6.32598188e-01	2.64885791e+01	7.77867390e+00
5.6             	lowerWall	1.84174457e+00	9.48357517e+01	2.67446663e+01
5.65            	rightWall	2.09431493e-01	4.55133088e+01	1.47801261e+01
5.65            	leftWall	6.16164016e-01	2.68536684e+01	7.80141554e+00
5.65            	lowerWall	1.67669857e+00	8.25823346e+01	2.71773963e+01
5.7             	rightWall	2.20819258e-01	4.53118993e+01	1.47313208e+01
5.7             	leftWall	6.07219121e-01	2.71396886e+01	7.94004465e+00
5.7             	lowerWall	1.42613942e+00	1.03779024e+02	2.83046107e+01
5.75            	rightWall	4.93704856e-01	4.50685790e+01	1.46502599e+01
5.75            	leftWall	5.99122781e-01	2.73283808e+01	8.01666901e+00
5.75            	lowerWall	1.10015882e+00	1.07224515e+02	2.92865112e+01
5.8             	rightWall	5.08352432e-01	4.47873166e+01	1.45367259e+01
5.8             	leftWall	5.81389907e-01	2.74092143e+01	8.01849563e+00
5.8             	lowerWall	5.98879334e-01	1.08735396e+02	3.00780944e+01
5.85            	rightWall	5.12022361e-01	4.45216641e+01	1.44148606e+01
5.85            	leftWall	5.53914190e-01	2.73958464e+01	8.00999257e+00
5.85            	lowerWall	8.26072647e-01	1.09721282e+02	3.08931780e+01
5.9             	rightWall	5.37138962e-01	4.42462537e+01	1.42471779e+01
5.9             	leftWall	1.26248980e-01	2.73983412e+01	8.04753519e+00
5.9             	lowerWall	9.54257199e-01	1.10350542e+02	3.14294957e+01
5.95            	rightWall	5.57951769e-01	4.39138917e+01	1.40661614e+01
5.95            	leftWall	1.89727757e-01	2.74752799e+01	8.16809081e+00
5.95            	lowerWall	5.81571755e-01	1.07694181e+02	3.20616642e+01
6               	rightWall	5.37357552e-01	4.36104731e+01	1.38232304e+01
6               	leftWall	1.90144235e-01	2.74519687e+01	8.20705001e+00
6               	lowerWall	1.06355361e+00	1.08332710e+02	3.27821064e+01
6.05            	rightWall	5.25463653e-01	4.32429864e+01	1.35863083e+01
6.05            	leftWall	2.10609462e-01	2.73638420e+01	8.26738197e+00
6.05            	lowerWall	1.32327558e+00	1.09858192e+02	3.33146311e+01
6.1             	rightWall	3.59905346e-01	4.28932689e+01	1.31816916e+01
6.1             	leftWall	2.73879855e-01	2.74283187e+01	8.51249111e+00
6.1             	lowerWall	1.32298877e+00	1.07697029e+02	3.39073166e+01
6.15            	rightWall	1.22377695e-01	4.24879467e+01	1.28673060e+01
6.15            	leftWall	3.01164784e-01	2.74804984e+01	8.61340223e+00
6.15            	lowerWall	1.23151050e+00	1.08401885e+02	3.41050674e+01
6.2             	rightWall	1.46285807e-01	4.20275958e+01	1.25234280e+01
6.2             	leftWall	5.40980473e-01	2.74814070e+01	8.88996516e+00
6.2             	lowerWall	5.72224705e-01	1.08360805e+02	3.41785607e+01
6.25            	rightWall	2.74391881e-01	4.15645459e+01	1.22218882e+01
6.25            	leftWall	7.48744080e-01	2.77017473e+01	9.11294120e+00
6.25            	lowerWall	1.29992884e+00	1.08543248e+02	3.41423344e+01
6.3             	rightWall	2.26899528e-01	4.10491638e+01	1.19168416e+01
6.3             	leftWall	8.48767730e-01	2.78728478e+01	9.41530181e+00
6.3             	lowerWall	1.27584117e+00	1.08711901e+02	3.40997471e+01
6.35            	rightWall	3.40882778e-01	4.04895792e+01	1.16165327e+01
6.35            	leftWall	9.23373392e-01	2.81708413e+01	9.69248129e+00
6.35            	lowerWall	1.35197514e+00	1.10572897e+02	3.39505198e+01
6.4             	rightWall	4.26285570e-01	3.98774679e+01	1.12683354e+01
6.4             	leftWall	1.12168563e+00	2.85142336e+01	9.97899481e+00
6.4             	lowerWall	1.55321272e+00	1.13090082e+02	3.38430505e+01
6.45            	rightWall	6.66629270e-01	3.92012773e+01	1.09571159e+01
6.45            	leftWall	1.28233514e+00	2.90026881e+01	1.02711659e+01
6.45            	lowerWall	1.51361432e+00	1.13519467e+02	3.37636697e+01
6.5             	rightWall	7.70464210e-01	3.84672086e+01	1.06232211e+01
6.5             	leftWall	1.29894659e+00	2.95227141e+01	1.06636496e+01
6.5             	lowerWall	9.48972556e-01	1.12804951e+02	3.36366616e+01
6.55            	rightWall	1.12279929e+00	3.76853515e+01	1.03838884e+01
6.55            	leftWall	1.41436129e+00	3.02440590e+01	1.09671268e+01
6.55            	lowerWall	6.91965344e-01	1.11537001e+02	3.34488435e+01
6.6             	rightWall	1.04119589e+00	3.68724156e+01	9.88861018e+00
6.6             	leftWall	1.34434015e+00	3.10189264e+01	1.12156957e+01
6.6             	lowerWall	1.43424333e+00	1.09465457e+02	3.32156615e+01
6.65            	rightWall	9.50050572e-01	3.60535443e+01	9.42765404e+00
6.65            	leftWall	1.23829889e+00	3.17190990e+01	1.15126370e+01
6.65            	lowerWall	1.46900270e+00	1.06670063e+02	3.29212742e+01
6.7             	rightWall	3.36177600e-01	3.52296356e+01	8.99447385e+00
6.7             	leftWall	1.05543775e+00	3.26751165e+01	1.16192663e+01
6.7             	lowerWall	1.55407778e+00	1.04568916e+02	3.27083742e+01
6.75            	rightWall	5.91200306e-01	3.44213310e+01	8.74522235e+00
6.75            	leftWall	7.98453922e-01	3.35494692e+01	1.19049644e+01
6.75            	lowerWall	1.69094060e+00	9.15405784e+01	3.22832089e+01
6.8             	rightWall	5.91583104e-01	3.35825407e+01	8.51348840e+00
6.8             	leftWall	4.72593444e-01	3.46063917e+01	1.19566744e+01
6.8             	lowerWall	1.71758204e+00	8.37439443e+01	3.16716083e+01
6.85            	rightWall	7.36489099e-01	3.27004556e+01	8.27861877e+00
6.85            	leftWall	2.72029248e-01	3.55496385e+01	1.20983636e+01
6.85            	lowerWall	2.02849712e+00	8.20865839e+01	3.05695460e+01
6.9             	rightWall	8.13557586e-01	3.18388943e+01	8.15886575e+00
6.9             	leftWall	4.60717980e-01	3.66197975e+01	1.22564594e+01
6.9             	lowerWall	1.98422537e+00	7.16960970e+01	2.97315572e+01
6.95            	rightWall	7.64248356e-01	3.12003597e+01	8.05272419e+00
6.95            	leftWall	4.84575972e-01	3.77793136e+01	1.23828820e+01
6.95            	lowerWall	1.83487559e+00	6.78201943e+01	2.87718944e+01
7               	rightWall	7.75717574e-01	3.06305858e+01	7.91313537e+00
7               	leftWall	4.86403734e-01	3.89489023e+01	1.24971857e+01
7               	lowerWall	1.88635756e+00	6.50189071e+01	2.77854052e+01
7.05            	rightWall	8.65705053e-01	3.00713475e+01	7.95783705e+00
7.05            	leftWall	4.11459646e-01	4.00610386e+01	1.26972736e+01
7.05            	lowerWall	1.92930748e+00	6.05923774e+01	2.67932354e+01
7.1             	rightWall	8.08960293e-01	2.95253742e+01	8.01059963e+00
7.1             	leftWall	3.39504663e-01	4.11657700e+01	1.28738107e+01
7.1             	lowerWall	1.64563999e+00	5.74999643e+01	2.59475658e+01
7.15            	rightWall	8.38100247e-01	2.89609807e+01	7.94786999e+00
7.15            	leftWall	3.18998428e-01	4.22052315e+01	1.30463748e+01
7.15            	lowerWall	1.60296403e+00	6.66415876e+01	2.52776051e+01
7.2             	rightWall	8.36787803e-01	2.84614030e+01	8.03638210e+00
7.2             	leftWall	3.34447796e-01	4.32016778e+01	1.32227827e+01
7.2             	lowerWall	1.51847181e+00	6.24674378e+01	2.51096411e+01
7.25            	rightWall	8.26280727e-01	2.80179343e+01	8.03630054e+00
7.25            	leftWall	2.81687279e-01	4.40964404e+01	1.34042306e+01
7.25            	lowerWall	1.03830623e+00	6.48564899e+01	2.48083765e+01
7.3             	rightWall	8.25516800e-01	2.76233532e+01	8.19394790e+00
7.3             	leftWall	1.28567554e-01	4.48689869e+01	1.35818118e+01
7.3             	lowerWall	9.48550875e-01	6.93040076e+01	2.47192817e+01
7.35            	rightWall	7.86980497e-01	2.75978337e+01	8.28914808e+00
7.35            	leftWall	2.33890425e-01	4.55085046e+01	1.37378014e+01
7.35            	lowerWall	1.27237757e+00	7.53878722e+01	2.49666606e+01
7.4             	rightWall	7.90889514e-01	2.80012073e+01	8.39748583e+00
7.4             	leftWall	2.74920969e-01	4.60921760e+01	1.38911668e+01
7.4             	lowerWall	1.20926544e+00	7.91898877e+01	2.54786343e+01
7.45            	rightWall	7.51256089e-01	2.81296491e+01	8.56849429e+00
7.45            	leftWall	3.68236913e-01	4.65381687e+01	1.40076382e+01
7.45            	lowerWall	1.22724545e+00	8.40365145e+01	2.58209146e+01
7.5             	rightWall	7.25910373e-01	2.82680572e+01	8.57973910e+00
7.5             	leftWall	5.18182400e-01	4.68388582e+01	1.40758135e+01
7.5             	lowerWall	9.60235404e-01	8.85667906e+01	2.62013147e+01
7.55            	rightWall	6.80136437e-01	2.84200939e+01	8.66662918e+00
7.55            	leftWall	6.18562138e-01	4.69767290e+01	1.40364148e+01
7.55            	lowerWall	8.07356914e-01	9.28379743e+01	2.65873687e+01
7.6             	rightWall	6.55773809e-01	2.83689914e+01	8.83851946e+00
7.6             	leftWall	6.29532240e-01	4.70721894e+01	1.40486438e+01
7.6             	lowerWall	5.38130681e-01	9.66832942e+01	2.71943732e+01
7.65            	rightWall	6.13615121e-01	2.81805627e+01	8.84657899e+00
7.65            	leftWall	6.43030469e-01	4.70722063e+01	1.39943966e+01
7.65            	lowerWall	1.12554268e+00	1.00010002e+02	2.78962634e+01
7.7             	rightWall	6.12761349e-01	2.80024829e+01	8.83271422e+00
7.7             	leftWall	6.62489437e-01	4.69302128e+01	1.39606873e+01
7.7             	lowerWall	1.43189705e+00	1.02938259e+02	2.87513372e+01
7.75            	rightWall	5.50897208e-01	2.79488222e+01	8.90187814e+00
7.75            	leftWall	6.82340048e-01	4.67673798e+01	1.38116443e+01
7.75            	lowerWall	8.15208261e-01	1.05590099e+02	2.94789364e+01
7.8             	rightWall	5.15564007e-01	2.78562817e+01	8.97054622e+00
7.8             	leftWall	7.14632546e-01	4.64965215e+01	1.36580501e+01
7.8             	lowerWall	8.18495350e-01	1.07063710e+02	3.02701778e+01
7.85            	rightWall	4.98145927e-01	2.77360001e+01	8.94311362e+00
7.85            	leftWall	7.34728322e-01	4.61965680e+01	1.34301385e+01
7.85            	lowerWall	3.82191014e-01	1.10013214e+02	3.09764583e+01
7.9             	rightWall	4.57135332e-01	2.76190417e+01	8.90367922e+00
7.9             	leftWall	5.68010187e-01	4.58462943e+01	1.32070695e+01
7.9             	lowerWall	1.12855932e+00	1.00460558e+02	3.16264342e+01
7.95            	rightWall	7.48688584e-02	2.75418408e+01	8.84284199e+00
7.95            	leftWall	3.06564080e-01	4.54174782e+01	1.28979835e+01
7.95            	lowerWall	1.37573895e+00	1.02746490e+02	3.21892025e+01
8               	rightWall	1.69744425e-01	2.75856240e+01	8.98415849e+00
8               	leftWall	1.75027279e-01	4.49526790e+01	1.26116555e+01
8               	lowerWall	1.19583284e+00	1.13460271e+02	3.27229067e+01
8.05            	rightWall	1.74632761e-01	2.77396258e+01	9.03165262e+00
8.05            	leftWall	2.30049368e-01	4.44721622e+01	1.21923838e+01
8.05            	lowerWall	1.01660904e+00	1.12818130e+02	3.31782579e+01
8.1             	rightWall	2.08733497e-01	2.78916466e+01	9.06827846e+00
8.1             	leftWall	1.24732598e-01	4.39289762e+01	1.19201592e+01
8.1             	lowerWall	4.80563184e-01	1.13005297e+02	3.35378926e+01
8.15            	rightWall	2.12242635e-01	2.80786325e+01	9.21389089e+00
8.15            	leftWall	2.82761810e-01	4.33255043e+01	1.16629757e+01
8.15            	lowerWall	7.00030666e-01	1.10223214e+02	3.37788715e+01
8.2             	rightWall	2.13048405e-01	2.83103294e+01	9.41421460e+00
8.2             	leftWall	2.07941715e-01	4.26608796e+01	1.13083023e+01
8.2             	lowerWall	1.04276772e+00	1.09878852e+02	3.39179505e+01
8.25            	rightWall	3.77361199e-01	2.87557774e+01	9.55528868e+00
8.25            	leftWall	2.67954437e-01	4.19581558e+01	1.10398371e+01
8.25            	lowerWall	8.92775151e-01	1.09335418e+02	3.41022995e+01
8.3             	rightWall	5.65746420e-01	2.92027023e+01	9.77533695e+00
8.3             	leftWall	2.94504287e-01	4.12149806e+01	1.06677809e+01
8.3             	lowerWall	9.99601665e-01	1.09189941e+02	3.41978097e+01
8.35            	rightWall	1.03890015e+00	2.96522597e+01	1.00886002e+01
8.35            	leftWall	4.27301946e-01	4.04203176e+01	1.03218199e+01
8.35            	lowerWall	9.30296509e-01	1.08750384e+02	3.42049446e+01
8.4             	rightWall	1.09136888e+00	3.03061603e+01	1.03264266e+01
8.4             	leftWall	4.41902362e-01	3.95778973e+01	1.00237464e+01
8.4             	lowerWall	1.13466875e+00	1.08778955e+02	3.41234593e+01
8.45            	rightWall	1.25900459e+00	3.09393664e+01	1.07064106e+01
8.45            	leftWall	4.47726868e-01	3.86828252e+01	9.78879608e+00
8.45            	lowerWall	1.64015868e+00	1.07022045e+02	3.39762377e+01
8.5             	rightWall	1.37658557e+00	3.17485572e+01	1.09928643e+01
8.5             	leftWall	3.13752684e-01	3.77254300e+01	9.42943374e+00
8.5             	lowerWall	1.58512141e+00	1.08280764e+02	3.37102337e+01
8.55            	rightWall	1.31934314e+00	3.25326678e+01	1.14015732e+01
8.55            	leftWall	5.22420566e-01	3.67553165e+01	9.25925616e+00
8.55            	lowerWall	1.50916682e+00	1.08655228e+02	3.34243635e+01
8.6             	rightWall	1.36662981e+00	3.34709996e+01	1.16698134e+01
8.6             	leftWall	6.30116625e-01	3.57477751e+01	9.02931962e+00
8.6             	lowerWall	1.45117061e+00	9.89204737e+01	3.30790199e+01
8.65            	rightWall	1.26911546e+00	3.43038741e+01	1.20818575e+01
8.65            	leftWall	6.22857571e-01	3.47012403e+01	8.70201356e+00
8.65            	lowerWall	1.72716036e+00	1.03748744e+02	3.27269958e+01
8.7             	rightWall	1.03400197e+00	3.53384631e+01	1.23083468e+01
8.7             	leftWall	6.29742146e-01	3.36210771e+01	8.46580908e+00
8.7             	lowerWall	1.44729783e+00	1.00744025e+02	3.22732962e+01
8.75            	rightWall	6.47781312e-01	3.61819185e+01	1.25798391e+01
8.75            	leftWall	8.09850783e-01	3.26053085e+01	8.32960641e+00
8.75            	lowerWall	1.35247662e+00	9.78123633e+01	3.19014019e+01
8.8             	rightWall	3.14226796e-01	3.72142849e+01	1.26853260e+01
8.8             	leftWall	6.04913230e-01	3.17576445e+01	8.10957836e+00
8.8             	lowerWall	1.18443423e+00	9.60773183e+01	3.15499731e+01
8.85            	rightWall	4.61999461e-01	3.81879279e+01	1.28797650e+01
8.85            	leftWall	4.53960461e-01	3.11733017e+01	8.03472902e+00
8.85            	lowerWall	1.35096423e+00	9.53964374e+01	3.11960441e+01
8.9             	rightWall	5.29989612e-01	3.92109926e+01	1.30463489e+01
8.9             	leftWall	2.52041536e-01	3.06317642e+01	7.98487616e+00
8.9             	lowerWall	1.60725594e+00	8.54187929e+01	3.06696483e+01
8.95            	rightWall	5.27730001e-01	4.03267951e+01	1.33028125e+01
8.95            	leftWall	2.05154563e-01	3.01409366e+01	7.92157895e+00
8.95            	lowerWall	1.38358471e+00	9.29466003e+01	3.02223276e+01
9               	rightWall	4.40248530e-01	4.14611346e+01	1.35085855e+01
9               	leftWall	1.49479594e-01	2.96925908e+01	8.07181523e+00
9               	lowerWall	1.55520781e+00	9.21497866e+01	2.94397885e+01
9.05            	rightWall	4.08868147e-01	4.25606666e+01	1.37150053e+01
9.05            	leftWall	3.90383596e-01	2.92800017e+01	8.11290899e+00
9.05            	lowerWall	1.54728157e+00	8.95435708e+01	2.86997358e+01
9.1             	rightWall	4.93094717e-01	4.35983003e+01	1.39040829e+01
9.1             	leftWall	5.40317713e-01	2.88950189e+01	8.36477536e+00
9.1             	lowerWall	1.66191047e+00	6.78015947e+01	2.81618905e+01
9.15            	rightWall	5.67795536e-01	4.45049964e+01	1.40633117e+01
9.15            	leftWall	6.01321300e-01	2.87013505e+01	8.39297392e+00
9.15            	lowerWall	1.75845650e+00	7.79759270e+01	2.82756561e+01
9.2             	rightWall	5.94448487e-01	4.53208963e+01	1.42127124e+01
9.2             	leftWall	7.02240848e-01	2.86453557e+01	8.58154333e+00
9.2             	lowerWall	1.70142001e+00	8.51600223e+01	2.77850079e+01
9.25            	rightWall	5.14471585e-01	4.60212903e+01	1.42934851e+01
9.25            	leftWall	8.60536726e-01	2.89145101e+01	8.70440436e+00
9.25            	lowerWall	1.29707176e+00	6.94209890e+01	2.68766605e+01
9.3             	rightWall	4.15922018e-01	4.65805440e+01	1.44585558e+01
9.3             	leftWall	7.40774166e-01	2.89738050e+01	8.86752568e+00
9.3             	lowerWall	1.78054141e+00	5.67141599e+01	2.62922945e+01
9.35            	rightWall	3.32869160e-01	4.70857689e+01	1.46019990e+01
9.35            	leftWall	7.82584627e-01	2.90447681e+01	9.00546252e+00
9.35            	lowerWall	1.93792393e+00	7.13360919e+01	2.65187345e+01
9.4             	rightWall	3.00977145e-01	4.74132416e+01	1.47155346e+01
9.4             	leftWall	7.01776715e-01	2.88009772e+01	9.07761985e+00
9.4             	lowerWall	1.85664084e+00	7.77947458e+01	2.69542599e+01
9.45            	rightWall	2.49221188e-01	4.75733504e+01	1.47845107e+01
9.45            	leftWall	6.89675968e-01	2.88375921e+01	9.15885895e+00
9.45            	lowerWall	1.71598781e+00	9.22053128e+01	2.72689669e+01
9.5             	rightWall	2.31317868e-01	4.75966881e+01	1.48113492e+01
9.5             	leftWall	6.64389710e-01	2.86495271e+01	9.27343910e+00
9.5             	lowerWall	1.62466269e+00	8.43387930e+01	2.74289771e+01
9.55            	rightWall	2.26336999e-01	4.75849382e+01	1.48082168e+01
9.55            	leftWall	6.24306711e-01	2.83047987e+01	9.25639889e+00
9.55            	lowerWall	1.32280353e+00	8.93593899e+01	2.76275316e+01
9.6             	rightWall	2.73901983e-01	4.74923686e+01	1.47910618e+01
9.6             	leftWall	6.11143713e-01	2.80057392e+01	9.23729153e+00
9.6             	lowerWall	8.22177337e-01	9.30545387e+01	2.80723817e+01
9.65            	rightWall	3.58064809e-01	4.73092482e+01	1.46974260e+01
9.65            	leftWall	5.58949567e-01	2.78399508e+01	9.32376820e+00
9.65            	lowerWall	7.19272594e-01	9.30584158e+01	2.84430190e+01
9.7             	rightWall	5.14584585e-01	4.70729471e+01	1.45967722e+01
9.7             	leftWall	5.46500881e-01	2.76249801e+01	9.36045666e+00
9.7             	lowerWall	6.09651991e-01	9.39996352e+01	2.89217104e+01
9.75            	rightWall	5.41598472e-01	4.68214148e+01	1.45398195e+01
9.75            	leftWall	5.18035169e-01	2.73902105e+01	9.31263661e+00
9.75            	lowerWall	9.47985683e-01	6.37165682e+01	2.91773893e+01
9.8             	rightWall	5.38585437e-01	4.64774435e+01	1.43702929e+01
9.8             	leftWall	4.99116825e-01	2.71825053e+01	9.27185099e+00
9.8             	lowerWall	1.26548612e+00	9.53507739e+01	3.02144968e+01
9.85            	rightWall	5.29537159e-01	4.61701554e+01	1.41301278e+01
9.85            	leftWall	4.63481055e-01	2.70280645e+01	9.30141197e+00
9.85            	lowerWall	1.35749572e+00	1.12848203e+02	3.09722248e+01
9.9             	rightWall	5.54871852e-01	4.57998994e+01	1.40129843e+01
9.9             	leftWall	4.43194340e-01	2.69884813e+01	9.35479835e+00
9.9             	lowerWall	1.52290174e+00	9.78269366e+01	3.16161532e+01
9.95            	rightWall	5.63758032e-01	4.54320121e+01	1.37527554e+01
9.95            	leftWall	3.81880100e-01	2.70508394e+01	9.30528583e+00
9.95            	lowerWall	1.04778926e+00	1.02685850e+02	3.21097221e+01
10              	rightWall	5.28349964e-01	4.49953459e+01	1.35187070e+01
10              	leftWall	1.17143547e-01	2.71087031e+01	9.24147322e+00
10              	lowerWall	9.14409825e-01	1.00746965e+02	3.25572517e+01
